0 0
1 0
2 0
3 0
4 0
5 0
6 0
7 0
8 0
9 0
10 0
11 0
12 0
13 0
14 0
15 0
16 0
17 0
18 0
19 0
20 0
21 0
22 0
23 0
24 0
25 0
26 0
27 0
28 0
29 0
30 0
31 0
32 0
33 0
34 0
35 0
36 0
37 0
38 0
39 0
40 0
41 0
42 0
43 0
44 0
45 0
46 0
47 0
48 0
49 0
50 0
51 0
52 0
53 0
54 0
55 0
56 0
57 0
58 0
59 0
60 0
61 0
62 0
63 0
64 0
65 0
66 0
67 0
68 0
69 0
70 0
71 0
72 0
73 0
74 0
75 0
76 0
77 0
78 0
79 0
80 0
81 0
82 0
83 0
84 0
85 0
86 0
87 0
88 0
89 0
90 0
91 0
92 0
93 0
94 0
95 0
96 0
97 0
98 0
99 0
100 0
101 0
102 0
103 0
104 0
105 0
106 0
107 0
108 0
109 0
110 0
111 0
112 0
113 0
114 0
115 0
116 0
117 0
118 0
119 0
120 0
121 0
122 0
123 0
124 0
125 0
126 0
127 0
128 0
129 0
130 0
131 0
132 0
133 0
134 0
135 0
136 0
137 0
138 0
139 0
140 0
141 0
142 0
143 0
144 0
145 0
146 0
147 0
148 0
149 0
150 0
151 0
152 0
153 0
154 3
155 5
156 5
157 5
158 4
159 5
160 5
161 4
162 5
163 5
164 5
165 4
166 5
167 5
168 4
169 5
170 5
171 5
172 4
173 5
174 5
175 4
176 5
177 5
178 4
179 5
180 5
181 5
182 4
183 5
184 5
185 4
186 5
187 5
188 5
189 4
190 5
191 5
192 4
193 5
194 5
195 4
196 5
197 5
198 5
199 4
200 5
201 5
202 4
203 5
204 5
205 5
206 4
207 5
208 5
209 4
210 5
211 5
212 5
213 4
214 5
215 5
216 4
217 5
218 5
219 4
220 5
221 5
222 5
223 4
224 5
225 5
226 4
227 5
228 5
229 5
230 4
231 5
232 5
233 4
234 5
235 5
236 4
237 5
238 5
239 5
240 4
241 5
242 5
243 4
244 5
245 5
246 5
247 4
248 5
249 5
250 4
251 5
252 5
253 4
254 5
255 5
256 5
257 4
258 5
259 5
260 4
261 5
262 5
263 5
264 4
265 5
266 5
267 4
268 5
269 5
270 5
271 4
272 5
273 5
274 4
275 5
276 5
277 4
278 5
279 5
280 5
281 4
282 5
283 5
284 4
285 5
286 5
287 5
288 4
289 5
290 5
291 4
292 5
293 5
294 4
295 5
296 5
297 5
298 4
299 5
300 5
301 4
302 5
303 5
304 5
305 4
306 5
307 5
308 4
309 5
310 5
311 5
312 4
313 5
314 5
315 4
316 5
317 5
318 4
319 5
320 5
321 5
322 4
323 5
324 5
325 4
326 5
327 5
328 5
329 4
330 5
331 5
332 4
333 5
334 5
335 4
336 5
337 5
338 5
339 4
340 5
341 5
342 4
343 5
344 5
345 5
346 4
347 5
348 5
349 4
350 5
351 5
352 4
353 5
354 5
355 5
356 4
357 5
358 5
359 4
360 5
361 5
362 5
363 4
364 5
365 5
366 4
367 5
368 5
369 5
370 4
371 5
372 5
373 4
374 5
375 5
376 4
377 5
378 5
379 5
380 4
381 5
382 5
383 4
384 5
385 5
386 5
387 4
388 5
389 5
390 4
391 5
392 5
393 4
394 5
395 5
396 5
397 4
398 5
399 5
400 4
401 5
402 5
403 5
404 4
405 5
406 5
407 4
408 5
409 5
410 5
411 4
412 5
413 5
414 4
415 5
416 5
417 4
418 5
419 5
420 5
421 4
422 5
423 5
424 4
425 5
426 5
427 5
428 4
429 5
430 5
431 4
432 5
433 5
434 4
435 5
436 5
437 5
438 4
439 5
440 5
441 4
442 5
443 5
444 5
445 4
446 5
447 5
448 4
449 5
450 5
451 4
452 5
453 5
454 5
455 4
456 5
457 5
458 4
459 5
460 5
461 5
462 4
463 5
464 5
465 4
466 5
467 5
468 5
469 4
470 5
471 5
472 4
473 5
474 5
475 4
476 5
477 5
478 5
479 4
480 5
481 5
482 4
483 5
484 5
485 5
486 4
487 5
488 5
489 4
490 5
491 5
492 4
493 5
494 5
495 5
496 4
497 5
498 5
499 4
500 5
501 5
502 5
503 4
504 5
505 5
506 4
507 5
508 5
509 5
510 4
511 5
512 5
513 4
514 5
515 5
516 4
517 5
518 5
519 5
520 4
521 5
522 5
523 4
524 5
525 5
526 5
527 4
528 5
529 5
530 4
531 5
532 5
